0
0.000157073173118207
0.000314107590781283
0.000471064507096427
0.000627905195293134
0.000784590957278450
0.000941083133185143
0.00109734311091045
0.00125333233564304
0.00140901231937583
0.00156434465040231
0.00171929100279410
0.00187381314585725
0.00202787295356513
0.00218143241396543
0.00233445363855905
0.00248689887164855
0.00263873049965373
0.00278991106039229
0.00294040325232304
0.00309016994374947
0.00323917418198149
0.00338737920245291
0.00353474843779257
0.00368124552684678
0.00382683432365090
0.00397147890634781
0.00411514358605109
0.00425779291565073
0.00439939169855915
0.00453990499739547
0.00467929814260573
0.00481753674101715
0.00495458668432408
0.00509041415750371
0.00522498564715949
0.00535826794978997
0.00549022817998132
0.00562083377852131
0.00575005252043279
0.00587785252292473
0.00600420225325884
0.00612907053652977
0.00625242656335705
0.00637423989748690
0.00649448048330184
0.00661311865323652
0.00673012513509773
0.00684547105928689
0.00695912796592314
0.00707106781186547
0.00718126297763189
0.00728968627421411
0.00739631094978610
0.00750111069630460
0.00760405965600031
0.00770513242775789
0.00780430407338330
0.00790155012375690
0.00799684658487091
0.00809016994374947
0.00818149717425023
0.00827080574274562
0.00835807361368270
0.00844327925502015
0.00852640164354092
0.00860742027003944
0.00868631514438191
0.00876306680043864
0.00883765630088693
0.00891006524188368
0.00898027575760616
0.00904827052466020
0.00911403276635445
0.00917754625683981
0.00923879532511287
0.00929776485888252
0.00935444030829867
0.00940880768954226
0.00946085358827545
0.00951056516295154
0.00955793014798330
0.00960293685676943
0.00964557418457798
0.00968583161128631
0.00972369920397677
0.00975916761938747
0.00979222810621766
0.00982287250728689
0.00985109326154774
0.00987688340595138
0.00990023657716558
0.00992114701314478
0.00993960955455180
0.00995561964603080
0.00996917333733128
0.00998026728428272
0.00998889874961970
0.00999506560365732
0.00999876632481661
0.0100000000000000
0.00999876632481661
0.00999506560365732
0.00998889874961970
0.00998026728428272
0.00996917333733128
0.00995561964603080
0.00993960955455180
0.00992114701314478
0.00990023657716558
0.00987688340595138
0.00985109326154774
0.00982287250728689
0.00979222810621766
0.00975916761938747
0.00972369920397677
0.00968583161128631
0.00964557418457798
0.00960293685676943
0.00955793014798330
0.00951056516295154
0.00946085358827545
0.00940880768954226
0.00935444030829867
0.00929776485888252
0.00923879532511287
0.00917754625683981
0.00911403276635445
0.00904827052466019
0.00898027575760616
0.00891006524188368
0.00883765630088693
0.00876306680043864
0.00868631514438191
0.00860742027003944
0.00852640164354092
0.00844327925502015
0.00835807361368270
0.00827080574274562
0.00818149717425023
0.00809016994374947
0.00799684658487091
0.00790155012375691
0.00780430407338330
0.00770513242775789
0.00760405965600031
0.00750111069630459
0.00739631094978610
0.00728968627421412
0.00718126297763189
0.00707106781186548
0.00695912796592314
0.00684547105928689
0.00673012513509774
0.00661311865323652
0.00649448048330184
0.00637423989748690
0.00625242656335705
0.00612907053652976
0.00600420225325885
0.00587785252292473
0.00575005252043279
0.00562083377852131
0.00549022817998132
0.00535826794978997
0.00522498564715949
0.00509041415750372
0.00495458668432408
0.00481753674101715
0.00467929814260573
0.00453990499739547
0.00439939169855915
0.00425779291565073
0.00411514358605109
0.00397147890634781
0.00382683432365090
0.00368124552684678
0.00353474843779257
0.00338737920245292
0.00323917418198149
0.00309016994374948
0.00294040325232304
0.00278991106039229
0.00263873049965373
0.00248689887164855
0.00233445363855906
0.00218143241396543
0.00202787295356512
0.00187381314585725
0.00171929100279410
0.00156434465040231
0.00140901231937583
0.00125333233564305
0.00109734311091045
0.000941083133185144
0.000784590957278451
0.000627905195293136
0.000471064507096430
0.000314107590781282
0.000157073173118207
1.22464679914735e-18
-0.000157073173118205
-0.000314107590781280
-0.000471064507096427
-0.000627905195293133
-0.000784590957278448
-0.000941083133185146
-0.00109734311091045
-0.00125333233564304
-0.00140901231937583
-0.00156434465040231
-0.00171929100279409
-0.00187381314585725
-0.00202787295356512
-0.00218143241396543
-0.00233445363855905
-0.00248689887164855
-0.00263873049965373
-0.00278991106039229
-0.00294040325232304
-0.00309016994374947
-0.00323917418198149
-0.00338737920245292
-0.00353474843779257
-0.00368124552684678
-0.00382683432365090
-0.00397147890634780
-0.00411514358605109
-0.00425779291565073
-0.00439939169855915
-0.00453990499739547
-0.00467929814260573
-0.00481753674101715
-0.00495458668432408
-0.00509041415750371
-0.00522498564715949
-0.00535826794978997
-0.00549022817998131
-0.00562083377852130
-0.00575005252043279
-0.00587785252292473
-0.00600420225325884
-0.00612907053652977
-0.00625242656335705
-0.00637423989748690
-0.00649448048330184
-0.00661311865323652
-0.00673012513509773
-0.00684547105928689
-0.00695912796592314
-0.00707106781186547
-0.00718126297763189
-0.00728968627421412
-0.00739631094978610
-0.00750111069630460
-0.00760405965600031
-0.00770513242775789
-0.00780430407338330
-0.00790155012375690
-0.00799684658487091
-0.00809016994374947
-0.00818149717425023
-0.00827080574274562
-0.00835807361368270
-0.00844327925502015
-0.00852640164354093
-0.00860742027003944
-0.00868631514438191
-0.00876306680043864
-0.00883765630088693
-0.00891006524188368
-0.00898027575760616
-0.00904827052466019
-0.00911403276635445
-0.00917754625683981
-0.00923879532511287
-0.00929776485888252
-0.00935444030829867
-0.00940880768954226
-0.00946085358827545
-0.00951056516295154
-0.00955793014798330
-0.00960293685676943
-0.00964557418457798
-0.00968583161128631
-0.00972369920397677
-0.00975916761938747
-0.00979222810621766
-0.00982287250728689
-0.00985109326154774
-0.00987688340595138
-0.00990023657716558
-0.00992114701314478
-0.00993960955455180
-0.00995561964603080
-0.00996917333733128
-0.00998026728428272
-0.00998889874961970
-0.00999506560365732
-0.00999876632481661
-0.0100000000000000
-0.00999876632481661
-0.00999506560365732
-0.00998889874961970
-0.00998026728428272
-0.00996917333733128
-0.00995561964603080
-0.00993960955455180
-0.00992114701314478
-0.00990023657716558
-0.00987688340595138
-0.00985109326154774
-0.00982287250728689
-0.00979222810621766
-0.00975916761938747
-0.00972369920397677
-0.00968583161128631
-0.00964557418457798
-0.00960293685676943
-0.00955793014798330
-0.00951056516295154
-0.00946085358827545
-0.00940880768954226
-0.00935444030829868
-0.00929776485888252
-0.00923879532511287
-0.00917754625683981
-0.00911403276635445
-0.00904827052466020
-0.00898027575760616
-0.00891006524188368
-0.00883765630088694
-0.00876306680043864
-0.00868631514438192
-0.00860742027003944
-0.00852640164354092
-0.00844327925502015
-0.00835807361368270
-0.00827080574274562
-0.00818149717425024
-0.00809016994374948
-0.00799684658487090
-0.00790155012375691
-0.00780430407338330
-0.00770513242775790
-0.00760405965600031
-0.00750111069630460
-0.00739631094978610
-0.00728968627421412
-0.00718126297763189
-0.00707106781186548
-0.00695912796592315
-0.00684547105928688
-0.00673012513509774
-0.00661311865323652
-0.00649448048330184
-0.00637423989748690
-0.00625242656335705
-0.00612907053652977
-0.00600420225325884
-0.00587785252292473
-0.00575005252043279
-0.00562083377852131
-0.00549022817998131
-0.00535826794978996
-0.00522498564715950
-0.00509041415750372
-0.00495458668432408
-0.00481753674101715
-0.00467929814260574
-0.00453990499739547
-0.00439939169855915
-0.00425779291565073
-0.00411514358605109
-0.00397147890634780
-0.00382683432365090
-0.00368124552684678
-0.00353474843779258
-0.00338737920245292
-0.00323917418198150
-0.00309016994374948
-0.00294040325232304
-0.00278991106039230
-0.00263873049965373
-0.00248689887164855
-0.00233445363855905
-0.00218143241396542
-0.00202787295356513
-0.00187381314585725
-0.00171929100279411
-0.00156434465040231
-0.00140901231937583
-0.00125333233564305
-0.00109734311091046
-0.000941083133185149
-0.000784590957278448
-0.000627905195293133
-0.000471064507096426
-0.000314107590781284
-0.000157073173118208
-2.44929359829471e-18
0.000157073173118203
0.000314107590781279
0.000471064507096422
0.000627905195293128
0.000784590957278443
0.000941083133185144
0.00109734311091045
0.00125333233564304
0.00140901231937583
0.00156434465040231
0.00171929100279409
0.00187381314585725
0.00202787295356512
0.00218143241396542
0.00233445363855905
0.00248689887164854
0.00263873049965373
0.00278991106039229
0.00294040325232304
0.00309016994374947
0.00323917418198149
0.00338737920245291
0.00353474843779257
0.00368124552684678
0.00382683432365089
0.00397147890634780
0.00411514358605108
0.00425779291565073
0.00439939169855915
0.00453990499739547
0.00467929814260573
0.00481753674101715
0.00495458668432407
0.00509041415750372
0.00522498564715949
0.00535826794978997
0.00549022817998131
0.00562083377852130
0.00575005252043279
0.00587785252292473
0.00600420225325884
0.00612907053652976
0.00625242656335705
0.00637423989748690
0.00649448048330184
0.00661311865323652
0.00673012513509773
0.00684547105928689
0.00695912796592314
0.00707106781186547
0.00718126297763189
0.00728968627421411
0.00739631094978609
0.00750111069630459
0.00760405965600031
0.00770513242775789
0.00780430407338330
0.00790155012375690
0.00799684658487091
0.00809016994374947
0.00818149717425023
0.00827080574274562
0.00835807361368270
0.00844327925502015
0.00852640164354092
0.00860742027003944
0.00868631514438191
0.00876306680043864
0.00883765630088693
0.00891006524188368
0.00898027575760615
0.00904827052466020
0.00911403276635445
0.00917754625683981
0.00923879532511287
0.00929776485888251
0.00935444030829867
0.00940880768954226
0.00946085358827545
0.00951056516295154
0.00955793014798330
0.00960293685676943
0.00964557418457798
0.00968583161128631
0.00972369920397677
0.00975916761938747
0.00979222810621766
0.00982287250728689
0.00985109326154774
0.00987688340595138
0.00990023657716558
0.00992114701314478
0.00993960955455180
0.00995561964603080
0.00996917333733128
0.00998026728428272
0.00998889874961970
0.00999506560365731
0.00999876632481661
0.0100000000000000